701
645
558
16
136
89
176
585
477
940
898
855
332
98
270
803
350
699
538
737
368
889
557
358
693
636
923
20
722
254
88
543
515
367
235
734
455
209
57
761
116
167
798
865
211
736
804
676
85
434
935
999
901
751
557
895
122
186
143
992
965
255
938
281
890
272
543
745
798
435
626
598
825
651
429
749
488
164
521
441
847
619
142
227
934
861
276
980
221
565
828
299
377
301
84
669
270
828
869
569
299
21
824
293
747
265
815
980
112
22
940
589
440
371
192
596
376
161
863
925
747
958
828
529
285
888
826
941
8
339
103
993
909
231
641
705
556
24
595
246
309
145
891
250
694
758
280
768
822
373
737
387
322
860
171
249
375
239
939
304
540
864
365
549
589
854
934
515
391
199
278
898
237
597
980
232
419
545
283
915
162
737
998
243
865
405
835
971
981
918
738
440
624
548
563
520
306
686
979
957
757
78
667
963
270
708
67
429
19
812
945
972
973
401
494
585
24
128
614
759
298
722
848
339
261
784
835
856
325
676
91
1
204
23
310
957
805
179
353
482
885
456
888
663
648
679
511
994
14
140
649
146
645
48
571
552
766
707
326
193
478
171
190
129
38
378
688
170
859
981
832
72
793
189
161
206
903
242
699
464
858
129
491
926
952
29
838
386
67
791
575
668
899
805
756
561
670
824
264
144
25
616
874
625
530
276
6
952
538
752
879
683
132
286
587
332
157
255
302
727
595
109
761
66
912
676
534
289
971
729
963
647
566
963
700
558
54
893
303
664
23
37
381
905
892
600
41
437
230
50
566
307
811
218
654
698
79
668
970
160
282
736
572
85
399
972
216
915
264
593
456
311
854
623
394
323
466
234
828
139
357
810
206
73
269
571
55
390
799
548
689
161
659
162
327
661
819
369
83
279
28
997
656
771
940
134
666
431
873
383
155
42
143
809
169
166
927
318
936
572
861
675
889
15
198
365
915
938
682
918
496
748
163
40
838
674
2
996
262
859
837
757
644
498
157
361
847
506
445
973
504
495
682
71
841
107
199
221
730
171
848
772
183
973
484
548
321
529
270
1
599
324
363
545
938
569
892
530
147
729
884
77
921
470
719
298
324
101
73
857
171
307
631
518
105
665
302
22
406
795
515
790
328
469
91
1
736
646
132
371
510
940
887
962
225
731
853
24
610
124
721
276
271
498
438
930
782
30
59
521
113
661
451
238
493
848
965
150
648
199
702
758
433
200
833
425
733
137
21
735
717
384
381
419
183
349
351
942
70
477
136
975
757
838
887
813
399
735
137
223
113
894
87
192
554
837
91
23
751
758
967
85
887
195
373
300
631
464
670
488
625
209
687
22
942
541
713
502
655
125
278
174
107
564
747
937
550
629
529
217
645
965
395
459
820
422
357
637
158
496
564
97
990
500
324
87
298
168
488
204
440
4
129
673
290
758
155
564
661
350
872
680
333
645
324
879
381
135
594
1000
755
515
246
621
402
258
895
898
973
830
357
114
779
714
200
437
712
849
745
51
264
47
692
988
682
485
345
244
267
221
399
39
174
275
933
560
262
822
410
751
706
675
953
372
790
645
885
523
187
224
44
741
337
900
937
535
81
709
387
951
95
759
218
505
514
736
160
827
674
751
4
336
442
788
518
723
932
219
862
241
83
295
670
20
474
951
862
430
544
265
373
366
444
518
988
317
147
657
770
925
700
60
664
391
939
55
445
189
488
934
216
851
262
96
161
822
36
318
313
187
598
275
89
528
373
238
608
874
901
29
955
343
503
491
179
802
115
266
754
24
335
617
42
253
371
250
707
486
110
424
865
181
326
828
59
659
260
13
32
12
352
759
142
292
266
327
90
924
69
228
628
56
603
390
262
447
520
819
531
559
113
479
265
492
39
27
708
289
352
117
817
197
665
323
984
445
595
30
676
44
813
993
772
942
752
265
27
598
565
84
496
399
787
349
303
72
240
818
856
802
505
322
879
185
671
551
405
958
797
422
624
713
341
603
929
213
104
525
462
243
382
627
945
477
655
847
741
397
717
55
84
556
358
591
904
519
461
594
505
322
767
991
669
859
725
217
488
4
416
256
443
9
613
723
78
465
788
838
411
394
975
327
52
814
443
53
884
969
400
159
664
841
69
584
455
45
213
700
322
857
896
906
661
559
389
972
829
173
916
9
249
16
301
134
948
490
700
909
256
397
156
211
53
290
614
943
259
964
831
399
837
291
410
967
409
855
493
112
743
74
535
994
787
40
179
929
414
337
883
513